test/GeoModeller/test_h/cave/sandstone.grd_isopachs_Murchison.txt
ncols 29
nrows 50
xllcenter 696870
yllcenter 6.86387e+006
cellsize 1740
nodata_value -9999
20496.1 20498.5 20502.8 20509.7 20519.1 20526.9 20547.4 20558.1 20552.7 20548 20553.4 20540.1 20546 20551.4 20560.4 20577.2 20555.2 20544.8 20531.8 20521.6 20527.9 20536.6 20554.1 20546.6 20550.2 20535.3 20536.6 20534.7 20516
20498.5 20505.2 20503.5 20508.2 20516.9 20524.3 20537.9 20560.6 20550.8 20533.9 20544.6 20536.2 20536.7 20545.1 20549.1 20574.3 20549.6 20535.6 20523.7 20519.7 20519.5 20528.1 20528.6 20543.5 20554.1 20530.2 20521.8 20518.7 20512.8
20499.9 20512.7 20516.1 20510.9 20518.2 20522 20539.9 20557.1 20556.5 20535.7 20523.6 20532.9 20531 20535.7 20543 20550.7 20547.4 20535.9 20524.4 20517.6 20514.3 20517.9 20522.5 20536.4 20550.9 20529.5 20523.8 20514 20505.3
20508.2 20518.2 20531.8 20526.4 20533.3 20531 20544.5 20557 20550.2 20538.7 20530.5 20525.8 20523.1 20530.3 20532.8 20535.3 20553.3 20540.6 20519 20514.5 20509.9 20512.7 20513.3 20531.1 20557 20528.4 20515.5 20526.3 20500.2
20523.4 20525.6 20537.2 20541.5 20537.3 20546.9 20554.1 20547.4 20540.6 20536.2 20528.7 20522.6 20521.2 20523.4 20523.8 20527.7 20525 20522.8 20514.5 20505.5 20506.1 20510.9 20511 20515.2 20545.2 20518.2 20510.4 20506.1 20497.1
20532.5 20527.2 20541 20552.6 20555.4 20561.2 20564.4 20548.3 20541.5 20535.1 20543.3 20538.7 20530.2 20517.6 20516.9 20515.3 20516.6 20513.8 20508.4 20502 20501.6 20501.9 20503.8 20514.2 20542.7 20529.6 20517.3 20516.2 20494.5
20533.7 20536.9 20546.3 20556.8 20567 20575.5 20576.6 20566 20547 20549.5 20558.4 20548.7 20531.7 20518.1 20512 20509.2 20509.3 20507.1 20503.5 20500.8 20497 20500.5 20499.6 20510 20536.3 20520.6 20509.7 20501.3 20487.3
20522.4 20531.8 20540 20549.1 20556 20571.3 20582.8 20578.3 20570.4 20564.7 20566.8 20550.9 20541.7 20530.5 20510.1 20504.7 20508.7 20502 20496.6 20496.7 20493 20492.1 20493.5 20502.8 20516.4 20514.9 20517.5 20499 20483.6
20513.8 20519 20525.9 20537.2 20544.6 20558.7 20573.4 20586.6 20586.1 20570.8 20554.7 20555.7 20545.7 20532.3 20522 20516.5 20510.9 20503.2 20496.7 20495 20493 20490.2 20490.2 20490.9 20498.5 20507.9 20508.2 20515.6 20484.1
20513.3 20520.8 20525.7 20531.8 20544.3 20551.5 20566.2 20582 20577.3 20567 20549.2 20539.8 20533.4 20528.6 20517 20510.6 20505.7 20502.4 20500.1 20500.6 20491 20488.6 20488.6 20487.5 20491.5 20487.5 20487.7 20491.6 20487.1
20519.8 20522.1 20533.4 20546.1 20559.8 20569.4 20574.6 20581.2 20571.9 20554.7 20538.3 20531.3 20525.9 20519.6 20513.1 20508.9 20505 20506.1 20505.5 20507.6 20497.7 20489.6 20488.4 20489.1 20489.1 20486.7 20484.5 20486.9 20488.8
20524.1 20522.7 20533.2 20553 20566.7 20573.6 20565.5 20564.1 20570.7 20562.9 20545.1 20552.3 20547.4 20539.5 20530.4 20518.6 20524.7 20517.4 20524.2 20509.8 20498.1 20490.6 20484.4 20486.6 20486 20484.8 20488.1 20489 20519.5
20542.4 20540.5 20541.5 20554.4 20566.9 20570.2 20553.3 20546.6 20546.9 20548.3 20544.4 20567.4 20561.1 20553.7 20528.8 20520.6 20514.9 20516.9 20537.7 20509.7 20497.4 20488.9 20488.2 20489 20487.7 20493.2 20490 20498.7 20501.3
20549.1 20555.5 20552.6 20570.1 20579.2 20565.5 20551.6 20537.6 20541.7 20533 20535.6 20552.6 20541.9 20534.3 20523.5 20515.3 20508.3 20507.8 20506.7 20503.2 20495.7 20489.5 20488.7 20491.5 20493.2 20496.6 20497.5 20505.6 20510.5
20559.8 20569.3 20569.6 20571.4 20572 20568.2 20555 20532.7 20528.1 20526.2 20521.6 20525.1 20527.3 20522.1 20516.3 20509.7 20502.3 20504.3 20503.4 20497.5 20492.9 20488.5 20492.1 20490.8 20494.8 20502.5 20504.7 20516.6 20511.5
20570.8 20561.6 20556.9 20555 20552.4 20549.2 20543.2 20529.4 20519 20516.9 20516.1 20515 20515.3 20513.4 20510.6 20505.1 20499.2 20499 20497.4 20493.3 20490.1 20491 20488.2 20495.5 20498.6 20501.9 20515 20518.6 20510
20569.1 20549.1 20541.3 20540.4 20532.3 20533.9 20528.6 20521.4 20514.9 20509 20507.7 20506.5 20506 20502 20502.4 20497 20494.1 20493.8 20492.9 20490.2 20490.7 20492 20492.7 20494.4 20499.1 20508.4 20515 20511 20506
20579.1 20562.4 20544.9 20534.7 20528.3 20522.7 20518.5 20512.8 20506.2 20504.6 20500.5 20501 20498.8 20496.4 20494.6 20493.9 20493.2 20494.2 20494.7 20491.9 20491.7 20493 20493.7 20498.8 20502.8 20513.8 20519.4 20510.9 20504.7
20594.8 20576.8 20557 20538.5 20532.9 20526.1 20523 20512.4 20508.9 20503.8 20504.1 20507.1 20500.4 20498.1 20494.5 20493.2 20494.3 20497.6 20497.7 20496.2 20494.9 20493.9 20495.7 20498.7 20507.4 20525.9 20520.7 20509.7 20503.2
20587.5 20572.9 20562.3 20554.2 20536.3 20527.4 20513.6 20510.1 20515.4 20516 20511 20507.2 20500.8 20496 20495.2 20495.8 20500.9 20496.9 20503 20504.8 20508.9 20499.6 20498.5 20497.5 20510.3 20524.2 20513.2 20509 20502
20580.1 20566.3 20550.7 20539.7 20532.1 20521.8 20514.8 20517.7 20526.1 20522.7 20515.1 20506.3 20500.3 20499 20498.4 20499.6 20513.3 19783.7 20508 20517.7 20513 20504.7 20499 20499.9 20515.9 20516.9 20510.2 20502.3 20503.2
20575.4 20568.4 20557.5 20547.5 20529.5 20523.7 20518.4 20521.6 20540.1 20520.3 20513.7 20506.7 20503.5 20504.7 20506 20516.4 20519.1 19499.1 20526.6 20517 20507 20505.1 20505.3 20508 20525.5 20518.8 20509.9 20501 20506.2
20568.2 20558.9 20550.9 20541.2 20533.1 20524.8 20522.1 20535.3 20530.9 20517.8 20511.4 20506.8 20508.2 20509.1 20513.7 20534.2 20435.7 18940.3 20522.6 20514.6 20509.9 20508.8 20509.4 20519.7 20527.4 20521.9 20513 20505.5 20508.5
20572 20559.6 20547.7 20541.6 20532.9 20526.7 20529.8 20538.2 20525.3 20516.5 20511.8 20512.4 20511.8 20515.7 20526.2 20545.8 18528.5 16792.8 16974 20514.6 20511.9 20512.8 20516.5 20527.3 20539.9 20523.7 20517.4 20508.8 20511.7
20576.9 20558.6 20545.2 20538.7 20530.1 20532 20538.8 20542.2 20533.9 20518.8 20518.5 20515.4 20519.1 20522.4 20535.6 19772.1 16529.7 15454.6 15429.1 16152.3 18082.6 20521.4 20523.2 20524.6 20542.9 20530.3 20523.2 20516.8 20513.3
20576.5 20566.4 20553.7 20549.9 20536.6 20537.8 20549.8 20548.5 20534.9 20525.6 20519.8 20519.7 20523.2 20528.6 20236.7 17950.8 15874.4 14964.4 15020.1 15541.1 16748.8 19331.4 20540.5 20534.6 20531.1 20527.2 20524.5 20520.2 20514.7
20585.4 20573.3 20559.5 20546.4 20540.2 20543.3 20556.8 20558.7 20542 20528.7 20522.6 20525.5 20531 20158.3 18678 17118.6 15525 14698 14775.3 15332.5 16311.4 18262.8 20417.3 20536 20531.8 20530.5 20534.1 20531.4 20519.8
20577.2 20576.8 20565.3 20550.4 20553.8 20555.9 20576.5 20550.2 20539 20532.8 20526.1 20528.7 20307.6 18925.5 17844.7 16485 15076.7 14343.1 14457.5 15096.4 15991.3 17503.2 19212.7 20535.1 20540.9 20539.1 20541.8 20529.5 20524.6
20565.9 20579 20569.3 20565.6 20562 20568.5 20572.9 20551.1 20538.4 20529.9 20530.1 20538.4 19435.4 18449 17416.6 16034.4 14733.9 14065 14131.2 14735.9 15651.5 16884.7 18238.6 19372.4 20504.9 20550.9 20540.3 20532.1 20528.1
20554.5 20567.5 20578.3 20577.3 20572.9 20583.6 20575.2 20552.4 20547.4 20535.3 20534.9 19960.3 18916.2 18116 17034.8 15692.6 14532.7 13898.9 13863.9 14366.8 15265.9 16376.1 17451.3 18347.1 19265 20549.9 20538.3 20531.7 20533.9
20540.2 20562.1 20577.8 20585.4 20580.7 20584.1 20561.6 20546.3 20536.7 20526.7 20076.1 18789.7 18111.5 17479.4 16543.7 15406.7 14428.2 13812.6 13667.7 14058.4 14939.8 16009.8 16859.4 17467.1 18163.8 19305.8 20544.2 20532.7 20533.9
20545.6 20563.6 20576 20571.8 20567.3 20572.9 20549.4 20541.1 20529.9 20249.9 18167.6 17335.5 17099.5 16809.8 16132.3 15248.7 14469.3 13854.6 13572.4 13851.3 14777.4 15912.1 16478 16619.1 16989.6 18027.8 19818 20518.5 20514.1
20543.6 20555.2 20564 20560.5 20550.5 20566.7 20547.7 20536.5 20530.9 18513.2 16637.8 16080.7 16301.5 16437.5 16002.6 15320.5 14760.2 14123.5 13647.1 13818.6 14899.9 16245.8 16314.4 15635.3 15624.3 16643.1 18558.8 20518.7 20509.4
20530.2 20539.6 20550.6 20541.9 20551.2 20568.5 20550.8 20543.6 20540.8 17822.2 15909.9 15443.9 15916.5 16376.1 16183.8 15715.4 15324.7 14696.2 14058.5 14156.3 15362.1 16649.8 16058.3 14548 14418.8 15460.7 17378.1 19992.2 20499.2
20520.2 20536.4 20536.9 20537.8 20560.6 20564.9 20535.6 20530.8 20193.6 17650 15910.3 15479.1 15876.4 16375.1 16467.5 16275.4 15957.8 15464.8 14965.6 14991 15769.4 16290.3 15262 13959.6 13866.7 14783.8 16617.7 19113 20496.2
20513.1 20522.4 20528.7 20540.2 20552.5 20528.7 20520.9 20524.8 19769 17655.8 16252.5 15824.7 16060.2 16472.8 16697.6 16684.8 16493.3 16171.4 15854.6 15775.8 15919.3 15717.5 14698.7 13791.3 13728.8 14517.8 16144.2 18409.5 20489.8
20511 20516.6 20523.3 20527.4 20522 20517.6 20514 20524.1 19466.2 17765.6 16653.8 16239 16335.6 16633.7 16872.7 16949.7 16866.1 16664.6 16422.5 16210.2 15956 15408.1 14522.8 13849.4 13812.1 14492 15893.9 17887.4 20140.7
20513.7 20525.5 20531.5 20519.7 20511.7 20508.4 20511.1 20518.1 19300.2 17915.8 17011.8 16617.4 16614.5 16804.7 17002.9 17103.5 17075.5 16931.1 16698.5 16386.9 15944.4 15295.5 14538.1 14015.9 14001.9 14589.6 15790.5 17519.8 19559.7
20524.8 20530 20523.8 20508.9 20503.7 20501 20505.5 19614.9 19232 18071.4 17305.3 16927.2 16853.2 16950.7 17086.8 17168.3 17149.5 17017.7 16772.5 16406.6 15900.2 15263.6 14624.5 14215 14223.5 14735.5 15766.7 17261.8 19079
20534.2 20512.3 20507.5 20501.1 20494.2 20494.7 19406.7 18879.3 19208.2 18208.1 17532.9 16170.5 15651.3 16393.6 17120.5 17159.7 17120.5 16837.7 16716.8 16332.1 15827.8 15250.4 14719.5 14401 14431.2 14882.9 15774.3 17070.4 18677.2
20512.4 20501.4 20498.6 20494.6 20491.2 20267.8 17006.3 15967.6 32404.9 13819.7 11882.5 2430.8 4268.83 4811.86 4670.17 4294.23 3838.47 3351.1 2854.08 2366.19 1906.05 1490.12 1130.88 836.203 609.773 451.759 359.356 327.098 346.795
20497.5 20492.1 20490.8 20487.4 20485.6 16372 13185.3 9759.39 -9999 -9999 -9999 -9999 -9999 -9999 -9999 -9999 -9999 -9999 12067.1 10350.5 9138.06 8292.62 7741.49 7448.49 7401.6 7612.06 8125.7 9072.88 11014.4
20486.2 20482.3 20483.9 20480.9 16334.9 11455.6 -9999 -9999 -9999 -9999 -9999 -9999 -9999 -9999 -9999 -9999 -9999 -9999 -9999 -9999 -9999 -9999 -9999 -9999 -9999 -9999 -9999 -9999 -9999
20479.4 20476.4 20477 16616.5 10361.5 -9999 -9999 -9999 -9999 -9999 -9999 -9999 -9999 -9999 -9999 -9999 -9999 -9999 -9999 -9999 -9999 -9999 -9999 -9999 -9999 -9999 -9999 -9999 -9999
20471.2 20469.3 17301.4 10096.1 -9999 -9999 -9999 -9999 -9999 -9999 -9999 -9999 -9999 -9999 -9999 -9999 -9999 -9999 -9999 -9999 -9999 -9999 -9999 -9999 -9999 -9999 -9999 -9999 -9999
20464.2 18667.1 10849.6 -9999 -9999 -9999 -9999 -9999 -9999 -9999 -9999 -9999 -9999 -9999 -9999 -9999 -9999 -9999 -9999 -9999 -9999 -9999 -9999 -9999 -9999 -9999 -9999 -9999 -9999
20458.2 12579 -9999 -9999 -9999 -9999 -9999 -9999 -9999 -9999 -9999 -9999 -9999 -9999 -9999 -9999 -9999 -9999 -9999 -9999 -9999 -9999 -9999 -9999 -9999 -9999 -9999 -9999 -9999
15170.9 -9999 -9999 -9999 -9999 -9999 -9999 -9999 -9999 -9999 -9999 -9999 -9999 -9999 -9999 -9999 -9999 -9999 -9999 -9999 -9999 -9999 -9999 -9999 -9999 -9999 -9999 -9999 -9999
1054.31 -9999 -9999 -9999 -9999 -9999 -9999 -9999 -9999 -9999 -9999 -9999 -9999 -9999 -9999 -9999 -9999 -9999 -9999 -9999 -9999 -9999 -9999 -9999 -9999 -9999 -9999 -9999 -9999
-9999 -9999 -9999 -9999 -9999 -9999 -9999 -9999 -9999 -9999 -9999 -9999 -9999 -9999 -9999 -9999 -9999 -9999 -9999 -9999 -9999 -9999 -9999 -9999 -9999 -9999 -9999 -9999 -9999
